anyio_copy: 4.661758477999683 [s]
anyio_copy(Process): 4.472309801000001 [s]

aiofiles_copy: 1.1281405740000991 [s]
aiofiles_copy(Process): 0.33124782500000016 [s]

sendfile_copy_sync: 0.3571128769999632 [s]
sendfile_copy_sync(Process): 0.3555125230000016 [s]

sendfile_copy_executor: 0.3566017960001773 [s]
sendfile_copy_executor(Process): 0.35530483999999873 [s]

sendfile_copy_sync_chunk: 0.3931424790002893 [s]
sendfile_copy_sync_chunk(Process): 0.39182147800000067 [s]

aiofile_copy: 2.2606343830002515 [s]
aiofile_copy(Process): 1.9319729589999994 [s]
