anyio_copy: 4.672477830999995 [s]
anyio_copy(Process): 4.589451975999999 [s]

aiofiles_copy: 0.3869883389999984 [s]
aiofiles_copy(Process): 0.37907792999999934 [s]

sendfile_copy_sync: 0.36995273499999826 [s]
sendfile_copy_sync(Process): 0.368732713 [s]

sendfile_copy_executor: 0.3761011519999897 [s]
sendfile_copy_executor(Process): 0.36907182000000205 [s]

sendfile_copy_sync_chunk: 0.45970079699999644 [s]
sendfile_copy_sync_chunk(Process): 0.4582117629999978 [s]

sendfile_copy_chunk_executor: 0.39564768599998956 [s]
sendfile_copy_chunk_executor(Process): 0.394495323000001 [s]

aiofile_copy: 1.987612655999996 [s]
aiofile_copy(Process): 1.9845166129999967 [s]

aioshutil_copy: 0.38276524200000495 [s]
aioshutil_copy(Process): 0.3675735069999959 [s]

aiopath_copy: 7.7007289829999905 [s]
aiopath_copy(Process): 7.880988611999996 [s]
