anyio_copy: 4.460380213999997 [s]
anyio_copy(Process): 4.534781233 [s]

aiofiles_copy: 1.293095877000269 [s]
aiofiles_copy(Process): 0.3417934650000003 [s]

sendfile_copy_sync: 0.35461429099996167 [s]
sendfile_copy_sync(Process): 0.3533445730000011 [s]

sendfile_copy_executor: 0.357650943000408 [s]
sendfile_copy_executor(Process): 0.35662918400000265 [s]

sendfile_copy_sync_chunk: 0.39469398600067507 [s]
sendfile_copy_sync_chunk(Process): 0.3932909749999993 [s]

sendfile_copy_chunk_executor: 0.39003759199931665 [s]
sendfile_copy_chunk_executor(Process): 0.3889032320000041 [s]

aiofile_copy: 1.9746622069997102 [s]
aiofile_copy(Process): 1.9244905229999958 [s]

aioshutil_copy: 0.3556438550003804 [s]
aioshutil_copy(Process): 0.3545443100000014 [s]
